
# Simulations: 10000, Players: 7, Threshold: 13, Workers: 12
      1       2       3       4       5       6       7       8       9       10      11      12      13     
01  1.0000  0.9824  0.3625  0.0521  0.0036  0.0000  0.0000  0.0000  0.0000  0.0000  0.0000  0.0000  0.0000 
02  1.0000  1.0000  0.9875  0.5811  0.1658  0.0343  0.0057  0.0006  0.0000  0.0000  0.0000  0.0000  0.0000 
03  1.0000  1.0000  1.0000  0.9852  0.6769  0.2692  0.0764  0.0160  0.0027  0.0001  0.0000  0.0000  0.0000 
04  1.0000  1.0000  1.0000  1.0000  0.9804  0.7251  0.3389  0.1194  0.0321  0.0066  0.0014  0.0003  0.0000 
05  1.0000  1.0000  1.0000  1.0000  1.0000  0.9782  0.7398  0.3916  0.1479  0.0518  0.0144  0.0034  0.0009 
06  1.0000  1.0000  1.0000  1.0000  1.0000  1.0000  0.9704  0.7449  0.4208  0.1897  0.0685  0.0216  0.0067 
07  1.0000  1.0000  1.0000  1.0000  1.0000  1.0000  1.0000  0.9631  0.7546  0.4413  0.2069  0.0820  0.0282 

# Simulations: 10000, Players: 7, Threshold: 13, Workers: 12
      1       2       3       4       5       6       7       8       9       10      11      12      13     
01  1.0000  0.9798  0.3594  0.0495  0.0045  0.0001  0.0000  0.0000  0.0000  0.0000  0.0000  0.0000  0.0000 
02  1.0000  1.0000  0.9863  0.5837  0.1653  0.0337  0.0043  0.0004  0.0000  0.0000  0.0000  0.0000  0.0000 
03  1.0000  1.0000  1.0000  0.9834  0.6731  0.2608  0.0769  0.0184  0.0038  0.0007  0.0000  0.0000  0.0000 
04  1.0000  1.0000  1.0000  1.0000  0.9814  0.7112  0.3267  0.1129  0.0313  0.0085  0.0021  0.0000  0.0000 
05  1.0000  1.0000  1.0000  1.0000  1.0000  0.9780  0.7381  0.3880  0.1525  0.0530  0.0134  0.0032  0.0010 
06  1.0000  1.0000  1.0000  1.0000  1.0000  1.0000  0.9696  0.7489  0.4111  0.1780  0.0608  0.0195  0.0067 
07  1.0000  1.0000  1.0000  1.0000  1.0000  1.0000  0.9998  0.9636  0.7566  0.4388  0.2052  0.0845  0.0288 

# Simulations: 10000, Players: 7, Threshold: 13, Workers: 12
      1       2       3       4       5       6       7       8       9       10      11      12      13     
01  1.0000  0.9831  0.3649  0.0483  0.0041  0.0002  0.0000  0.0000  0.0000  0.0000  0.0000  0.0000  0.0000 
02  1.0000  1.0000  0.9863  0.5847  0.1640  0.0331  0.0037  0.0007  0.0002  0.0000  0.0000  0.0000  0.0000 
03  1.0000  1.0000  1.0000  0.9871  0.6698  0.2655  0.0726  0.0164  0.0034  0.0006  0.0002  0.0001  0.0000 
04  1.0000  1.0000  1.0000  1.0000  0.9829  0.7223  0.3330  0.1087  0.0356  0.0079  0.0019  0.0005  0.0001 
05  1.0000  1.0000  1.0000  1.0000  1.0000  0.9784  0.7501  0.3844  0.1502  0.0531  0.0144  0.0032  0.0015 
06  1.0000  1.0000  1.0000  1.0000  1.0000  1.0000  0.9740  0.7462  0.4314  0.1799  0.0687  0.0237  0.0047 
07  1.0000  1.0000  1.0000  1.0000  1.0000  1.0000  0.9997  0.9677  0.7449  0.4424  0.2111  0.0894  0.0299 

# Simulations: 10000, Players: 7, Threshold: 13, Workers: 12
      1       2       3       4       5       6       7       8       9       10      11      12      13     
01  1.0000  0.9815  0.3671  0.0528  0.0041  0.0004  0.0000  0.0000  0.0000  0.0000  0.0000  0.0000  0.0000 
02  1.0000  1.0000  0.9862  0.5791  0.1736  0.0334  0.0037  0.0003  0.0001  0.0000  0.0000  0.0000  0.0000 
03  1.0000  1.0000  1.0000  0.9852  0.6776  0.2656  0.0716  0.0151  0.0035  0.0000  0.0000  0.0000  0.0000 
04  1.0000  1.0000  1.0000  1.0000  0.9808  0.7211  0.3324  0.1144  0.0331  0.0080  0.0012  0.0003  0.0000 
05  1.0000  1.0000  1.0000  1.0000  1.0000  0.9775  0.7421  0.3815  0.1532  0.0503  0.0169  0.0041  0.0010 
06  1.0000  1.0000  1.0000  1.0000  1.0000  1.0000  0.9719  0.7558  0.4206  0.1795  0.0686  0.0215  0.0070 
07  1.0000  1.0000  1.0000  1.0000  1.0000  1.0000  0.9999  0.9633  0.7507  0.4371  0.2045  0.0825  0.0253 

# Simulations: 10000, Players: 7, Threshold: 13, Workers: 12
      1       2       3       4       5       6       7       8       9       10      11      12      13     
01  1.0000  0.9804  0.3576  0.0487  0.0045  0.0004  0.0000  0.0000  0.0000  0.0000  0.0000  0.0000  0.0000 
02  1.0000  1.0000  0.9871  0.5687  0.1656  0.0347  0.0042  0.0007  0.0000  0.0000  0.0000  0.0000  0.0000 
03  1.0000  1.0000  1.0000  0.9845  0.6778  0.2648  0.0726  0.0152  0.0034  0.0007  0.0002  0.0000  0.0000 
04  1.0000  1.0000  1.0000  1.0000  0.9790  0.7185  0.3323  0.1114  0.0331  0.0072  0.0019  0.0005  0.0002 
05  1.0000  1.0000  1.0000  1.0000  1.0000  0.9776  0.7422  0.3871  0.1501  0.0534  0.0148  0.0046  0.0010 
06  1.0000  1.0000  1.0000  1.0000  1.0000  1.0000  0.9712  0.7534  0.4139  0.1863  0.0650  0.0224  0.0076 
07  1.0000  1.0000  1.0000  1.0000  1.0000  1.0000  0.9998  0.9650  0.7536  0.4376  0.2060  0.0809  0.0288 

# Simulations: 10000, Players: 11, Threshold: 15, Workers: 12
      1       2       3       4       5       6       7       8       9       10      11      12      13      14      15     
01  1.0000  0.9799  0.3680  0.0508  0.0036  0.0001  0.0000  0.0000  0.0000  0.0000  0.0000  0.0000  0.0000  0.0000  0.0000 
02  1.0000  1.0000  0.9862  0.5764  0.1640  0.0324  0.0053  0.0007  0.0000  0.0001  0.0000  0.0000  0.0000  0.0000  0.0000 
03  1.0000  1.0000  1.0000  0.9864  0.6706  0.2633  0.0728  0.0162  0.0042  0.0006  0.0002  0.0000  0.0000  0.0000  0.0000 
04  1.0000  1.0000  1.0000  1.0000  0.9808  0.7186  0.3303  0.1118  0.0329  0.0076  0.0015  0.0002  0.0000  0.0000  0.0000 
05  1.0000  1.0000  1.0000  1.0000  1.0000  0.9762  0.7413  0.3849  0.1546  0.0538  0.0157  0.0033  0.0003  0.0001  0.0000 
06  1.0000  1.0000  1.0000  1.0000  1.0000  1.0000  0.9691  0.7494  0.4109  0.1830  0.0673  0.0233  0.0077  0.0012  0.0008 
07  1.0000  1.0000  1.0000  1.0000  1.0000  1.0000  0.9997  0.9668  0.7527  0.4389  0.1999  0.0811  0.0300  0.0114  0.0025 
08  1.0000  1.0000  1.0000  1.0000  1.0000  1.0000  1.0000  0.9992  0.9567  0.7524  0.4641  0.2257  0.0984  0.0353  0.0126 
09  1.0000  1.0000  1.0000  1.0000  1.0000  1.0000  1.0000  1.0000  0.9990  0.9495  0.7433  0.4695  0.2416  0.1116  0.0454 
10  1.0000  1.0000  1.0000  1.0000  1.0000  1.0000  1.0000  1.0000  1.0000  0.9972  0.9394  0.7395  0.4673  0.2595  0.1161 
11  1.0000  1.0000  1.0000  1.0000  1.0000  1.0000  1.0000  1.0000  1.0000  1.0000  0.9961  0.9322  0.7306  0.4767  0.2570 

# Simulations: 10000, Players: 11, Threshold: 15, Workers: 12
      1       2       3       4       5       6       7       8       9       10      11      12      13      14      15     
01  1.0000  0.9823  0.3686  0.0489  0.0056  0.0004  0.0000  0.0000  0.0000  0.0000  0.0000  0.0000  0.0000  0.0000  0.0000 
02  1.0000  1.0000  0.9851  0.5876  0.1683  0.0324  0.0050  0.0002  0.0000  0.0000  0.0000  0.0000  0.0000  0.0000  0.0000 
03  1.0000  1.0000  1.0000  0.9882  0.6803  0.2671  0.0744  0.0212  0.0030  0.0007  0.0000  0.0000  0.0000  0.0000  0.0000 
04  1.0000  1.0000  1.0000  1.0000  0.9844  0.7236  0.3375  0.1197  0.0306  0.0080  0.0018  0.0003  0.0000  0.0001  0.0000 
05  1.0000  1.0000  1.0000  1.0000  1.0000  0.9782  0.7410  0.3826  0.1507  0.0502  0.0149  0.0040  0.0006  0.0003  0.0000 
06  1.0000  1.0000  1.0000  1.0000  1.0000  1.0000  0.9730  0.7490  0.4207  0.1834  0.0668  0.0235  0.0068  0.0017  0.0004 
07  1.0000  1.0000  1.0000  1.0000  1.0000  1.0000  0.9999  0.9667  0.7560  0.4343  0.2084  0.0809  0.0307  0.0092  0.0029 
08  1.0000  1.0000  1.0000  1.0000  1.0000  1.0000  1.0000  0.9995  0.9565  0.7576  0.4556  0.2235  0.1027  0.0362  0.0111 
09  1.0000  1.0000  1.0000  1.0000  1.0000  1.0000  1.0000  1.0000  0.9986  0.9491  0.7479  0.4612  0.2431  0.1107  0.0427 
10  1.0000  1.0000  1.0000  1.0000  1.0000  1.0000  1.0000  1.0000  1.0000  0.9978  0.9398  0.7313  0.4703  0.2545  0.1215 
11  1.0000  1.0000  1.0000  1.0000  1.0000  1.0000  1.0000  1.0000  1.0000  1.0000  0.9968  0.9325  0.7351  0.4664  0.2569 

# Simulations: 100000, Players: 11, Threshold: 15, Workers: 11
      1       2       3       4       5       6       7       8       9       10      11      12      13      14      15     
01  1.0000  0.9819  0.3633  0.0510  0.0042  0.0003  0.0000  0.0000  0.0000  0.0000  0.0000  0.0000  0.0000  0.0000  0.0000 
02  1.0000  1.0000  0.9869  0.5855  0.1671  0.0336  0.0050  0.0007  0.0001  0.0000  0.0000  0.0000  0.0000  0.0000  0.0000 
03  1.0000  1.0000  1.0000  0.9848  0.6790  0.2622  0.0756  0.0170  0.0031  0.0005  0.0001  0.0000  0.0000  0.0000  0.0000 
04  1.0000  1.0000  1.0000  1.0000  0.9827  0.7186  0.3366  0.1136  0.0328  0.0080  0.0018  0.0004  0.0001  0.0000  0.0000 
05  1.0000  1.0000  1.0000  1.0000  1.0000  0.9780  0.7418  0.3851  0.1511  0.0524  0.0150  0.0037  0.0009  0.0002  0.0001 
06  1.0000  1.0000  1.0000  1.0000  1.0000  1.0000  0.9718  0.7494  0.4160  0.1826  0.0684  0.0210  0.0062  0.0019  0.0003 
07  1.0000  1.0000  1.0000  1.0000  1.0000  1.0000  0.9999  0.9656  0.7502  0.4401  0.2070  0.0825  0.0301  0.0103  0.0032 
08  1.0000  1.0000  1.0000  1.0000  1.0000  1.0000  1.0000  0.9996  0.9580  0.7541  0.4542  0.2276  0.0966  0.0383  0.0137 
09  1.0000  1.0000  1.0000  1.0000  1.0000  1.0000  1.0000  1.0000  0.9987  0.9493  0.7462  0.4657  0.2418  0.1109  0.0467 
10  1.0000  1.0000  1.0000  1.0000  1.0000  1.0000  1.0000  1.0000  1.0000  0.9977  0.9404  0.7399  0.4688  0.2541  0.1223 
11  1.0000  1.0000  1.0000  1.0000  1.0000  1.0000  1.0000  1.0000  1.0000  1.0000  0.9960  0.9286  0.7323  0.4757  0.2638 

# Simulations: 200000, Players: 11, Threshold: 13, Workers: 12
      1       2       3       4       5       6       7       8       9       10      11      12      13     
01  1.0000  0.9819  0.3618  0.0507  0.0045  0.0003  0.0000  0.0000  0.0000  0.0000  0.0000  0.0000  0.0000 
02  1.0000  1.0000  0.9870  0.5848  0.1669  0.0330  0.0049  0.0006  0.0001  0.0000  0.0000  0.0000  0.0000 
03  1.0000  1.0000  1.0000  0.9851  0.6772  0.2661  0.0750  0.0168  0.0034  0.0005  0.0001  0.0000  0.0000 
04  1.0000  1.0000  1.0000  1.0000  0.9823  0.7194  0.3358  0.1153  0.0332  0.0079  0.0016  0.0003  0.0001 
05  1.0000  1.0000  1.0000  1.0000  1.0000  0.9772  0.7410  0.3849  0.1531  0.0511  0.0144  0.0039  0.0008 
06  1.0000  1.0000  1.0000  1.0000  1.0000  0.9999  0.9717  0.7489  0.4172  0.1822  0.0685  0.0230  0.0067 
07  1.0000  1.0000  1.0000  1.0000  1.0000  1.0000  0.9998  0.9648  0.7532  0.4418  0.2056  0.0837  0.0300 
08  1.0000  1.0000  1.0000  1.0000  1.0000  1.0000  1.0000  0.9995  0.9576  0.7502  0.4555  0.2266  0.0986 
09  1.0000  1.0000  1.0000  1.0000  1.0000  1.0000  1.0000  1.0000  0.9988  0.9495  0.7462  0.4667  0.2422 
10  1.0000  1.0000  1.0000  1.0000  1.0000  1.0000  1.0000  1.0000  1.0000  0.9976  0.9397  0.7396  0.4693 
11  1.0000  1.0000  1.0000  1.0000  1.0000  1.0000  1.0000  1.0000  1.0000  1.0000  0.9957  0.9300  0.7297 

# Simulations: 1, Players: 11, Threshold: 13, Workers: 1
      1       2       3       4       5       6       7       8       9       10      11      12      13     
01  1.0000  1.0000  0.0000  0.0000  0.0000  0.0000  0.0000  0.0000  0.0000  0.0000  0.0000  0.0000  0.0000 
02  1.0000  1.0000  1.0000  1.0000  1.0000  0.0000  0.0000  0.0000  0.0000  0.0000  0.0000  0.0000  0.0000 
03  1.0000  1.0000  1.0000  1.0000  0.0000  0.0000  0.0000  0.0000  0.0000  0.0000  0.0000  0.0000  0.0000 
04  1.0000  1.0000  1.0000  1.0000  1.0000  0.0000  0.0000  0.0000  0.0000  0.0000  0.0000  0.0000  0.0000 
05  1.0000  1.0000  1.0000  1.0000  1.0000  1.0000  1.0000  0.0000  0.0000  0.0000  0.0000  0.0000  0.0000 
06  1.0000  1.0000  1.0000  1.0000  1.0000  1.0000  1.0000  1.0000  0.0000  1.0000  0.0000  0.0000  0.0000 
07  1.0000  1.0000  1.0000  1.0000  1.0000  1.0000  1.0000  1.0000  1.0000  1.0000  0.0000  0.0000  0.0000 
08  1.0000  1.0000  1.0000  1.0000  1.0000  1.0000  1.0000  1.0000  1.0000  1.0000  0.0000  1.0000  0.0000 
09  1.0000  1.0000  1.0000  1.0000  1.0000  1.0000  1.0000  1.0000  1.0000  1.0000  1.0000  0.0000  0.0000 
10  1.0000  1.0000  1.0000  1.0000  1.0000  1.0000  1.0000  1.0000  1.0000  1.0000  1.0000  1.0000  0.0000 
11  1.0000  1.0000  1.0000  1.0000  1.0000  1.0000  1.0000  1.0000  1.0000  1.0000  1.0000  1.0000  0.0000 

# Simulations: 10, Players: 11, Threshold: 13, Workers: 2
      1       2       3       4       5       6       7       8       9       10      11      12      13     
01  1.0000  0.9000  0.0000  0.2000  0.0000  0.0000  0.0000  0.0000  0.0000  0.0000  0.0000  0.0000  0.0000 
02  1.0000  1.0000  1.0000  0.9000  0.1000  0.0000  0.0000  0.0000  0.0000  0.0000  0.0000  0.0000  0.0000 
03  1.0000  1.0000  1.0000  1.0000  0.9000  0.3000  0.0000  0.0000  0.0000  0.0000  0.0000  0.0000  0.0000 
04  1.0000  1.0000  1.0000  1.0000  1.0000  0.7000  0.3000  0.2000  0.0000  0.0000  0.0000  0.0000  0.0000 
05  1.0000  1.0000  1.0000  1.0000  1.0000  1.0000  0.6000  0.4000  0.0000  0.0000  0.0000  0.0000  0.0000 
06  1.0000  1.0000  1.0000  1.0000  1.0000  1.0000  0.9000  0.8000  0.3000  0.2000  0.3000  0.0000  0.0000 
07  1.0000  1.0000  1.0000  1.0000  1.0000  1.0000  1.0000  0.9000  0.8000  0.2000  0.3000  0.3000  0.0000 
08  1.0000  1.0000  1.0000  1.0000  1.0000  1.0000  1.0000  1.0000  1.0000  0.6000  0.3000  0.2000  0.1000 
09  1.0000  1.0000  1.0000  1.0000  1.0000  1.0000  1.0000  1.0000  1.0000  1.0000  0.7000  0.5000  0.1000 
10  1.0000  1.0000  1.0000  1.0000  1.0000  1.0000  1.0000  1.0000  1.0000  1.0000  1.0000  0.9000  0.3000 
11  1.0000  1.0000  1.0000  1.0000  1.0000  1.0000  1.0000  1.0000  1.0000  1.0000  1.0000  0.9000  0.6000 
